4294967278,545
4294967279,351
4294967278,572
4294967278,347
4294967279,344
4294967278,553
4294967278,552
4294967294,186
4294967278,551
4294967279,145
4294967279,144
165,5
165,4
165,3
165,2
165,1
4294967279,301
4294967278,297
4294967279,139
4294967279,137
4294967278,285
4294967278,136
4294967294,393
4294967294,388
4294967279,285
4294967278,284
4294967278,133
4294967278,271
4294967279,280
4294967279,271
4294967278,549
4294967279,284
4294967279,283
4294967279,260
4294967278,264
4294967278,261
4294967278,257
4294967279,348
4294967278,534
4294967279,343
4294967278,252
4294967279,347
4294967278,532
4294967279,341
4294967278,346
4294967278,569
4294967278,249
4294967279,381
4294967278,320
4294967279,345
4294967278,537
4294967278,325
4294967278,241
4294967279,238
4294967294,964
4294967294,963
4294967294,962
4294967294,960
4294967294,909
4294967294,906
4294967294,904
4294967294,831
4294967294,830
4294967294,829
4294967294,820
4294967294,419
4294967294,30
4294967294,937
4294967294,936
4294967294,934
4294967294,933
4294967294,928
4294967294,917
4294967294,826
4294967294,824
4294967294,823
4294967294,822
4294967294,821
4294967294,60
4294967294,179
4294967294,173
4294967294,170
4294967294,162
4294967294,12
4294967278,123
4294967278,120
4294967278,119
4294967278,118
4294967278,117
4294967278,111
4294967278,109
4294967278,108
4294967278,107
4294967278,103
4294967278,102
4294967278,101
4294967278,100
4294967278,99
4294967278,98
4294967278,96
4294967278,95
4294967278,92
4294967278,90
4294967278,89
4294967278,87
4294967278,86
4294967278,83
4294967278,82
4294967278,81
4294967278,79
4294967278,78
4294967278,75
4294967278,74
4294967278,73
4294967278,69
4294967278,68
4294967278,67
4294967278,66
4294967278,65
4294967278,64
4294967278,60
4294967279,108
4294967279,107
4294967279,106
4294967279,105
4294967279,104
4294967279,103
4294967279,102
4294967279,101
4294967279,100
4294967279,99
4294967279,98
4294967279,97
4294967279,96
4294967279,95
4294967279,94
4294967279,92
4294967279,91
4294967279,90
4294967279,89
4294967279,87
4294967279,86
4294967279,85
4294967279,84
4294967279,83
4294967279,81
4294967279,80
4294967279,79
4294967279,78
4294967279,77
4294967279,76
4294967279,75
4294967279,233
4294967294,436
4294967278,217
164,7
4294967279,93
4294967278,568
4294967279,210
4294967278,208
4294967279,208
164,6
164,5
164,4
164,3
164,2
164,1
4294967279,376
4294967279,82
4294967278,202
4294967278,566
4294967279,201
4294967294,966
4294967278,200
4294967279,373
4294967279,199
163,5
4294967278,196
163,4
4294967279,196
163,3
163,2
163,1
4294967278,195
4294967279,194
4294967279,193
162,4
4294967278,192
162,3
162,2
162,1
4294967294,178
4294967294,908
4294967294,191
4294967294,168
4294967294,417
4294967294,454
4294967294,189
4294967294,403
4294967294,464
4294967278,189
161,7
4294967279,185
161,6
4294967279,406
4294967279,315
4294967278,310
4294967279,179
4294967279,178
4294967279,177
161,5
4294967278,176
161,4
161,3
161,2
161,1
4294967278,175
160,4
160,3
160,2
160,1
4294967278,167
159,6
4294967279,405
159,5
4294967279,159
159,4
159,3
159,2
159,1
4294967279,155
158,4
158,3
158,2
158,1
4294967279,153
4294967294,161
4294967279,150
4294967278,345
157,5
157,4
157,3
157,2
157,1
4294967278,344
156,5
156,4
156,3
156,2
156,1
4294967278,293
155,5
155,4
155,3
155,2
155,1
4294967278,543
4294967279,269
4294967278,290
4294967278,268
4294967279,266
4294967278,343
4294967278,342
4294967278,542
154,6
154,3
154,2
154,1
4294967279,404
4294967279,380
4294967278,341
4294967294,465
4294967294,460
153,5
153,4
153,3
153,2
153,1
4294967294,114
4294967294,469
4294967278,238
4294967278,522
152,5
152,4
152,3
152,2
152,1
4294967279,231
4294967278,228
4294967279,227
4294967279,225
151,5
151,4
151,3
151,2
151,1
4294967278,512
4294967279,368
4294967278,214
4294967278,520
4294967278,322
4294967278,516
4294967279,385
150,6
150,3
150,2
150,1
4294967279,195
4294967278,191
4294967279,189
4294967279,312
4294967278,548
4294967278,177
4294967279,173
4294967279,171
4294967278,170
4294967278,340
4294967279,169
4294967279,168
4294967294,75
4294967294,911
4294967294,902
4294967294,961
4294967294,901
4294967279,164
4294967279,353
4294967278,174
4294967278,116
4294967278,112
4294967278,110
4294967279,237
4294967279,352
4294967278,329
4294967279,160
4294967278,158
4294967279,305
4294967278,301
4294967278,554
4294967278,300
4294967279,360
149,7
4294967279,384
4294967278,149
4294967278,148
4294967278,147
149,6
149,5
4294967279,143
149,4
149,3
149,2
149,1
4294967278,295
148,5
148,4
148,3
148,2
148,1
4294967278,292
147,4
147,3
147,2
147,1
4294967279,267
4294967278,282
4294967279,403
4294967279,277
146,7
4294967294,120
4294967279,295
146,6
4294967278,258
4294967279,281
4294967279,259
4294967278,339
4294967279,256
146,5
146,4
146,3
146,2
146,1
4294967278,541
4294967278,540
145,4
145,3
145,2
145,1
4294967279,252
4294967278,248
4294967279,402
144,6
4294967279,401
4294967278,244
4294967279,243
4294967279,241
4294967279,240
144,5
144,4
144,3
144,2
144,1
4294967278,233
143,4
143,3
143,2
143,1
4294967278,230
4294967294,450
4294967294,407
4294967294,110
4294967294,390
4294967279,226
4294967278,226
4294967278,338
4294967279,219
142,5
4294967278,212
142,4
4294967279,212
142,3
142,2
142,1
4294967294,0
4294967279,391
141,5
141,4
141,3
141,2
141,1
4294967278,567
4294967279,202
4294967278,564
140,5
4294967278,198
140,4
4294967279,198
140,3
140,2
140,1
4294967279,372
4294967278,197
4294967279,197
4294967294,387
4294967279,191
4294967278,188
4294967278,316
4294967278,183
4294967278,182
139,6
4294967278,179
139,3
139,2
139,1
4294967278,311
0,7
4294967279,311
4294967278,547
4294967279,303
2,2
4294967279,309
4294967279,172
4294967294,897
4294967294,29
4294967294,76
4294967294,91
4294967294,90
4294967294,87
4294967294,86
4294967294,84
4294967294,53
4294967294,45
4294967294,427
4294967294,40
4294967294,38
4294967294,37
4294967294,36
4294967294,39
4294967294,42
4294967294,8
4294967279,400
2,4
4294967279,167
4294967279,166
4294967278,165
4294967278,164
4294967279,163
4294967278,162
4294967294,424
4294967279,399
4294967294,6
4294967294,423
4294967294,416
4294967294,51
4294967294,52
4294967278,157
4294967294,969
4294967294,942
4294967294,83
4294967294,68
4294967294,11
4294967278,132
4294967278,131
4294967278,130
4294967278,129
4294967278,128
4294967278,127
4294967278,126
4294967278,125
4294967278,124
4294967278,122
4294967278,121
4294967278,115
4294967278,114
4294967278,113
4294967278,106
4294967278,105
4294967278,104
4294967278,97
4294967278,94
4294967278,93
4294967278,515
4294967278,91
4294967278,85
4294967278,84
4294967278,80
4294967278,574
4294967278,77
4294967278,558
4294967278,76
4294967278,330
4294967278,72
4294967278,71
4294967278,70
4294967278,63
